801030792151558
801030792151559
801030792151560
801030792151561
801030792151562
801030792151563
801030792151564
801030792151565
801030792151566
801030792151567
801030792151568
801030792151569
801030792151570
801030792151571
801030792151572
801030792151573
801030792151575
801030792151576
801030792151577
801030792151578
801030792151579
801030792151580
801030792151581
801030792151582
801030792151583
801030792151584
801030792151585
801030792151586
801030792151587
801030792151588
801030792151589
801030792151590
800962072674856
800962072674857
800962072674858
800962072674859
800962072674860
800962072674861
800962072674862
800962072674863
800962072674864
800962072674865
800962072674866
800962072674867
800962072674868
800962072674869
800962072674870
800962072674871
801030792152545
801030792152546
801030792152547
801030792152548
801030792152549
801030792152550
800687194768872
800687194768873
800687194768874
800687194768875
800687194768876
800687194768877
800687194768878
800687194768879
800687194768880
800687194768881
800687194768882
800687194768883
800962072675837
800962072675838
800962072675839
800962072675840
800962072675841
800962072675842
800962072675843
800962072675844
801030792152582
801030792152583
801030792152584
801030792152585
801030792152586
801030792152587
801030792152588
801030792152589
800962072675857
800962072675858
800962072675859
800962072675860
800962072675861
800962072675862
800962072675863
800962072675864
801030792152798
801030792152799
801030792152800
801030792152801
801030792152802
801030792152803
801030792152804
801030792152805
801030792152806
801030792152807
801030792152808
801030792152809
801030792152810
801030792152811
801030792152812
801030792152813
800618475292938
800618475292939
800618475292940
800618475292941
800618475292942
800618475292943
800755914246417
800755914246418
800755914246419
800755914246420
800755914246421
800755914246422
801030792153368
801030792153369
801030792153370
801030792153371
801030792153372
801030792153373
800687194769695
800687194769696
800687194769697
800687194769698
800687194769699
800687194769700
800687194769701
800687194769702
800687194769703
800687194769704
800687194769705
800687194769706
800687194769707
800687194769709
800687194769710
800687194769711
800687194769712
800687194769713
800687194769714
800687194769715
800687194769716
800687194769717
800687194769718
800687194769719
800687194769720
800687194769721
800687194769744
800687194769745
800687194769746
800687194769747
800687194769748
800687194769749
800687194769750
800687194769751
800687194769752
800687194769753
800687194769754
800687194769755
800687194769756
800687194769757
800687194769758
800687194769759
800687194769760
800687194769761
801030792153460
801030792153461
801030792153462
801030792153463
800962072676747
800893353200059
800893353200060
800893353200061
800893353200062
800824633723339
800824633723340
800824633723341
800824633723342
800824633723343
800824633723344
800824633723345
800824633723346
800824633723347
800824633723348
800824633723349
800824633723350
800824633723351
800824633723352
801030792153572
801030792153573
801030792153574
801030792153575
801030792153576
801030792153577
801030792153578
801030792153579
801030792153580
801030792153581
801030792153582
801030792153583
800687194769941
800755914246679
801030792153669
801099511630406
801099511630407
801099511630408
801030792153673
801099511630410
801099511630411
800755914246733
800755914246734
800755914246735
800755914246736
800755914246737
800755914246738
800755914246739
800755914246740
800755914246741
800755914246742
800755914246743
800755914246744
800755914246745
800755914246746
800962072676977
800962072676978
800962072676979
800618475293305
801030792153788
801030792153789
801030792153790
801030792153791
801030792153792
801030792153793
801030792153794
801030792153795
801030792153796
801030792153797
801030792153855
801030792153856
801030792153857
801030792153858
801030792153859
801030792153860
801030792153861
801030792153862
801030792153863
801030792153864
801030792153865
801030792153866
801030792153867
801030792153868
801030792153869
801030792153870
801030792153871
800893353200418
800893353200419
800893353200420
800893353200421
800893353200422
800893353200423
800893353200424
800893353200425
800893353200426
800893353200427
800893353200428
800893353200429
800893353200430
800893353200431
800893353200432
800893353200433
800893353200434
800893353200435
801030792154030
801030792154031
801030792154032
801030792154033
801030792154034
801030792154035
801030792154036
801030792154037
801030792154038
801030792154039
801030792154040
801030792154041
801030792154042
801030792154046
801030792154047
801030792154048
801030792154049
801030792154050
801030792154051
801030792154052
801030792154053
801030792154054
801030792154055
801030792154056
801030792154057
801030792154058
801030792154059
801030792154060
801030792154061
801030792154062
801030792154063
800893353200627
800893353200628
800893353200629
800824633723895
800824633723896
800824633723897
800824633723898
800824633723899
800824633723900
800824633723901
800824633723902
800824633723903
800824633723904
800824633723905
800824633723906
800824633723907
800824633723908
800824633723909
800824633723910
800824633723911
801030792154126
801030792154127
801030792154128
801030792154129
801030792154130
801030792154131
801030792154132
801030792154133
801030792154134
801030792154135
801030792154137
801030792154138
801030792154139
801030792154140
801030792154141
801030792154142
801030792154143
801030792154144
801030792154145
801030792154157
801030792154158
801030792154159
801030792154160
801030792154161
801030792154162
801030792154163
801030792154164
801030792154165
801030792154166
801030792154167
801030792154168
801030792154169
801030792154170
801030792154171
801030792154173
801030792154174
801030792154175
801030792154176
801030792154177
801030792154178
801030792154179
801030792154180
801030792154181
801030792154182
801030792154183
801030792154184
801030792154185
801030792154186
801030792154187
801030792154188
801030792154189
801030792154190
801030792154206
801030792154207
801030792154208
801030792154209
801030792154210
801030792154211
801030792154212
801030792154213
801030792154214
801030792154215
801030792154216
801030792154217
801030792154218
801030792154219
801030792154220
801030792154221
801030792154222
800824633724016
800824633724017
800824633724018
800824633724019
800824633724020
800824633724021
800824633724022
800824633724023
800824633724024
800824633724025
800824633724026
800824633724027
800824633724028
800824633724029
800824633724030
800824633724032
800824633724033
800824633724034
800824633724035
800824633724036
800824633724037
800824633724038
800824633724039
800824633724040
800824633724041
800824633724042
800824633724043
800824633724044
800824633724045
800824633724046
800824633724048
800824633724049
800824633724050
800824633724051
800824633724052
800824633724053
800824633724055
800824633724056
800824633724057
800824633724058
800824633724059
800824633724060
800824633724062
800824633724063
800824633724064
800824633724065
800824633724066
800824633724067
800824633724069
800824633724070
800824633724071
800824633724072
800824633724073
800824633724074
801030792154881
801030792154882
801030792154883
801030792154884
801030792154885
801030792154886
801030792154887
801030792154888
801030792154889
801030792154890
801030792154891
801030792154892
801030792154893
801030792154894
801030792154895
801030792154896
800893353201426
800893353201427
800893353201428
800893353201429
800893353201430
800893353201431
800893353201432
800893353201433
800893353201434
800893353201435
800893353201436
800893353201437
800893353201438
800893353201439
800893353201440
800893353201441
800755914247971
800755914247972
800755914247973
800755914247974
800755914247975
800755914247976
800755914247977
800755914247978
800755914247979
800755914247980
800755914247981
800755914247982
800755914247983
800755914247984
800755914247985
800755914247986
800962072678196
800962072678197
800962072678198