119791209300010
126388279066632
126388279066641
110995116277761
100000000000014
100000000000016
104398046511148
115393162788899
126388279066650
121990232555526
121990232555527
100000000000027
115393162788910
110995116277782
115393162788912
100000000000033
110995116277783
126388279066664
132985348833291
100000000000047
128587302322180
102199023255557
132985348833319
128587302322191
128587302322196
106597069766699
106597069766701
102199023255573
128587302322210
124189255811081
113194139533343
119791209299968
124189255811104
130786325577731
119791209299987
108796093022238
130786325577740
124189255811121
119791209299997
115393162788877
119791209300009